              10    11.1111111111    12.2222222222    13.3333333333    14.4444444444    15.5555555556    16.6666666667    17.7777777778    18.8888888889               20
   11.1111111111     12.222220449    13.3333300009    14.4444399546    15.5555504499     16.666661561    17.7777732879    18.8888855564    19.9999982268    21.1111111111
   12.2222222222    13.3333300009    14.4444381814    15.5555471174    16.6666570712    17.7777681823    18.8888804508     19.999993737    21.1111077786    22.2222222222
   13.3333333333    14.4444399546    15.5555471174     16.666655298    17.7777648498    18.8888759609    19.9999886313     21.111102673    22.2222177324    23.3333333333
   14.4444444444    15.5555504499    16.6666570712    17.7777648498    18.8888741877    19.9999852988    21.1110981831    22.2222126267    23.3333282277    24.4444444444
   15.5555555556     16.666661561    17.7777681823    18.8888759609    19.9999852988      21.11109641    22.2222092942    23.3333237378    24.4444393388    25.5555555556
   16.6666666667    17.7777732879    18.8888804508    19.9999886313    21.1110981831    22.2222092942    23.3333219647    24.4444360063    25.5555510657    26.6666666667
   17.7777777778    18.8888855564     19.999993737     21.111102673    22.2222126267    23.3333237378    24.4444360063    25.5555492925    26.6666633342    27.7777777778
   18.8888888889    19.9999982268    21.1111077786    22.2222177324    23.3333282277    24.4444393388    25.5555510657    26.6666633342    27.7777760046    28.8888888889
              20    21.1111111111    22.2222222222    23.3333333333    24.4444444444    25.5555555556    26.6666666667    27.7777777778    28.8888888889               30
